0 -13.675
0 -4.090
4.118 -4.090
0 -4.090
0 0
5.111 0
5.111 -4.090
6.22 -4.090
5.111 -4.090
5.111 0
12.386 0
12.386 -4.090
10.559 -4.090
15.005 -4.090
15.005 -11.768
7.434 -11.768
7.434 -6.191
7.434 -11.768
15.005 -11.768
15.005 -19.474
7.434 -19.474
7.434 -13.566
3.434 -13.566
7.434 -13.566
7.434 -19.474
6.354 -19.474
6.354 -18.974
7.434 -18.974
7.434 -18.474
6.354 -18.474
6.354 -17.974
7.434 -17.974
7.434 -17.474
6.354 -17.474
6.354 -16.974
7.434 -16.974
7.434 -16.474
6.354 -16.474
6.354 -15.974
7.434 -15.974
7.434 -15.474
6.354 -15.474
6.354 -19.474
6.354 -15.465
0 -15.465
